0.57735026918962576451
0.57735026918962576451
0.57735026918962576451
0.57735026918962576451
0.57735026918962576451
-0.57735026918962576451
0.57735026918962576451
-0.57735026918962576451
0.57735026918962576451
0.57735026918962576451
-0.57735026918962576451
-0.57735026918962576451
-0.57735026918962576451
0.57735026918962576451
0.57735026918962576451
-0.57735026918962576451
0.57735026918962576451
-0.57735026918962576451
-0.57735026918962576451
-0.57735026918962576451
0.57735026918962576451
-0.57735026918962576451
-0.57735026918962576451
-0.57735026918962576451
1.0000000000000000000
0
0
-1.0000000000000000000
0
0
0
1.0000000000000000000
0
0
-1.0000000000000000000
0
0
0
1.0000000000000000000
0
0
-1.0000000000000000000