0
0.93417235896271569645
0.35682208977308993194
0
0.93417235896271569645
-0.35682208977308993194
0
-0.93417235896271569645
0.35682208977308993194
0
-0.93417235896271569645
-0.35682208977308993194
0.35682208977308993194
0
0.93417235896271569645
0.35682208977308993194
0
-0.93417235896271569645
-0.35682208977308993194
0
0.93417235896271569645
-0.35682208977308993194
0
-0.93417235896271569645
0.93417235896271569645
0.35682208977308993194
0
0.93417235896271569645
-0.35682208977308993194
0
-0.93417235896271569645
0.35682208977308993194
0
-0.93417235896271569645
-0.35682208977308993194
0
0.57735026918962576451
0.57735026918962576451
0.57735026918962576451
0.57735026918962576451
0.57735026918962576451
-0.57735026918962576451
0.57735026918962576451
-0.57735026918962576451
0.57735026918962576451
0.57735026918962576451
-0.57735026918962576451
-0.57735026918962576451
-0.57735026918962576451
0.57735026918962576451
0.57735026918962576451
-0.57735026918962576451
0.57735026918962576451
-0.57735026918962576451
-0.57735026918962576451
-0.57735026918962576451
0.57735026918962576451
-0.57735026918962576451
-0.57735026918962576451
-0.57735026918962576451